3
100
19 146
20 145
21 146
22 146
23 146
24 145
25 146
26 147
27 148
28 147
29 147
30 148
112 373
113 374
114 374
115 375
116 376
117 377
118 376
119 377
120 376
121 375
122 375
123 376
139 217
140 218
141 217
142 216
143 217
144 218
145 218
146 219
147 220
148 221
149 220
150 221
203 272
204 272
205 273
206 274
207 273
208 274
209 275
210 275
211 274
212 275
213 276
214 277
276 259
277 258
278 259
279 259
280 260
281 260
282 260
283 260
284 261
285 262
286 263
287 262
344 112
345 113
346 114
347 114
348 114
349 113
350 112
351 113
352 114
353 113
354 112
355 113
409 214
410 214
411 214
412 215
413 216
414 217
415 218
416 219
417 220
418 221
419 222
420 221
468 9
469 10
470 10
471 11
472 10
473 10
474 11
475 12
476 13
477 14
478 15
479 16
480 17
481 18
482 19
483 19
100
76 65
77 64
78 65
79 66
80 67
81 68
82 69
83 70
84 71
85 70
86 70
87 71
88 72
89 73
90 74
91 74
92 75
93 76
94 77
95 76
96 77
97 76
98 77
99 78
100 77
101 78
102 79
103 80
104 81
105 80
106 79
107 78
108 79
109 79
110 80
111 81
112 81
113 82
114 83
115 84
116 85
117 85
118 86
119 87
120 88
121 87
122 88
123 89
124 90
125 90
126 91
127 92
128 93
129 94
130 95
131 96
132 95
133 96
134 97
135 96
136 97
137 97
138 98
139 97
140 97
141 98
142 99
143 98
144 99
145 100
146 101
147 102
148 101
149 100
150 99
151 100
152 101
153 101
154 102
155 102
156 102
157 101
158 100
159 100
160 101
161 102
162 103
163 104
164 105
165 106
166 107
167 108
168 109
169 110
170 110
171 111
172 111
173 110
174 109
175 110
100
26 126
27 127
28 128
29 128
30 129
31 129
32 128
33 129
34 128
35 127
36 128
59 36
60 37
61 38
62 39
63 40
64 41
65 42
66 43
67 43
68 44
69 45
121 178
122 177
123 178
124 179
125 180
126 181
127 182
128 182
129 183
130 184
131 185
170 36
171 35
172 35
173 35
174 36
175 37
176 37
177 38
178 39
179 40
180 41
233 263
234 264
235 264
236 265
237 264
238 263
239 264
240 264
241 265
242 266
243 267
312 441
313 441
314 440
315 440
316 441
317 440
318 441
319 440
320 441
321 441
322 442
364 222
365 223
366 224
367 225
368 225
369 226
370 227
371 227
372 227
373 227
374 228
426 495
427 494
428 493
429 494
430 493
431 494
432 495
433 495
434 494
435 495
436 495
464 223
465 224
466 225
467 226
468 225
469 226
470 226
471 226
472 227
473 228
474 229
475 229